734506,42.8209608,43.4284808,42.7157637,43.337747,111284600
734507,43.7151458,43.7230358,43.1510194,43.563925,77270200
734508,43.3351164,43.9649898,43.3285431,43.920283,63879900
734509,44.0149601,44.0846538,43.7756355,43.884776,75107200
734510,43.9189664,44.2293015,43.6441384,44.199058,77982800
734513,44.5554164,45.1340061,44.3371285,45.031439,112140000
734514,45.3509772,45.3614972,44.6395769,44.924925,111027000
734515,45.1366367,45.2918043,44.9722659,45.290491,75647600
734516,45.3877975,45.5824153,45.2155367,45.456178,74195100
734517,45.4837915,45.82437,45.2931205,45.82437,77210000
734521,43.3311738,45.3351978,42.8683012,44.794745,470249500
734522,45.8072773,45.8401508,44.2989957,44.556734,283903200
734523,44.2398219,44.4857233,43.4100708,43.746706,191197300
734524,43.8900363,44.0360005,42.9511448,42.962978,188600300
734527,42.9827015,44.373949,42.9629781,44.373949,143670800
734528,44.2266714,44.898625,43.9952369,44.893365,136717000
734529,45.098503,45.4456582,44.9065152,45.215537,126718900
734530,45.2063298,45.3259939,45.0814092,45.131376,71256500
734531,45.2576137,45.2878606,43.8584796,44.196428,148014300
734534,44.1569774,44.7145306,43.9597297,44.61985,94311700
734535,44.8802156,45.4522321,44.8381388,45.370705,106658300
734536,45.2944343,45.3996349,45.176087,45.277341,64738800
734537,45.2089599,45.2668202,44.5185961,45.161623,98449400
734538,45.1879206,45.5903062,45.1708272,45.564006,80460100
734541,45.7467868,46.4516174,45.7139133,46.271463,121255400
734542,46.5081602,46.7501148,46.3069692,46.708038,95260200
734543,46.7067213,47.2077271,46.6646409,47.09727,120686300
734544,46.9960167,47.3392252,45.7612535,46.621248,232137500
734545,46.6488617,47.0499306,46.4897509,46.92501,91893200
734548,46.9171198,47.2708483,46.9065998,47.231398,77604100
734549,47.2327141,47.3352813,47.0170562,47.326078,71043700
734550,47.4444258,47.9835653,47.4049756,47.750814,120289400
734551,46.9776068,47.3747324,46.881613,47.115681,132645800
734552,47.1695936,47.2734776,45.9611271,46.097888,204014300
734556,44.9919895,45.4193586,44.4094565,44.526487,218138900
734557,44.5475271,45.3194213,44.5264869,45.053793,167963600
734558,45.2378906,45.3864847,44.4949264,45.087983,124975200
734559,45.4009475,45.8177965,45.3404572,45.782293,95004700
734562,46.1873056,46.6883115,46.1715254,46.446357,100768500
734563,46.7435417,46.7764151,45.7191728,45.933514,114034200
734564,46.0189882,46.5962647,45.8138503,46.303023,150647700
734565,46.9697163,47.3116115,46.8027154,47.281368,125197100
734566,47.3484318,47.377362,47.0433568,47.339225,113316700
734569,47.5233227,47.5588262,46.1965088,46.729075,136530800
734570,46.669901,46.9973329,46.3201193,46.781675,89079200
734571,46.6409708,46.6501777,46.1031446,46.349046,113326500
734572,45.9085308,45.9940046,45.3536077,45.586359,126884800
734573,45.4101544,46.3293226,45.3667573,46.285929,117770100
734576,46.4424108,46.876353,46.1965094,46.492381,108989300
734577,44.9854154,45.7402128,44.7224172,45.423301,180270300
734578,44.9722654,45.1037628,42.9024876,43.395607,290502800
734579,44.2924216,44.6579834,43.4810805,44.00444,164855600
734580,44.3318721,44.4725727,43.3942902,43.482394,188303500
734583,44.1819645,44.6750804,44.0859707,44.61722,102350500
734584,45.0459032,45.0537932,44.5961808,44.867069,81480700
734585,44.6145904,44.7381977,44.1767048,44.602757,93249100
734586,44.9525383,45.4982547,44.5593631,45.362814,101178000
734587,45.7704567,46.2951329,45.6323861,46.226756,112227500
734590,46.4384665,46.5923173,46.082108,46.082108,77338800
734591,45.7165428,46.150485,45.5061449,46.150485,88225200
734592,46.1084049,46.1399651,45.6876127,45.844097,82351500
734593,45.5455954,45.9979478,45.5061452,45.828317,68504800
734594,46.1702123,46.2333292,45.1432134,45.308901,104665400
734597,45.2760241,45.3141611,44.4988734,44.865752,115021200
734598,44.3134624,45.0051394,44.1832783,44.563307,120682800
734599,44.8696988,45.2221105,44.3331857,44.451533,100634800
734600,44.4594231,44.7658148,44.1872215,44.456793,93361800
734601,44.6987512,44.7289947,43.9137068,44.059671,94383800
734604,43.9281738,44.1398849,43.3969209,43.499488,99736700
734605,43.4587246,43.8847768,43.4205911,43.709886,106409800
734606,44.0544102,44.2016877,43.7256651,44.200371,86555000
734607,44.025481,44.1832786,43.6651757,43.712516,75450200
734608,43.8282326,43.8729428,42.973498,43.060285,113401400
734611,42.8814479,43.6875324,42.1003538,43.637562,152474700
734612,43.801933,44.4436431,43.619152,44.427863,104844600
734613,45.1708264,45.4653813,44.9065149,45.026179,175166600
734614,46.6817383,46.6988315,45.8296302,46.116295,188452600
734618,46.0689585,46.5173641,46.0636985,46.420057,66636500
734619,46.5002702,46.6804211,45.9387737,46.079478,84700000
734620,46.3188026,46.3332659,45.6429022,46.043971,89053300
734621,45.523242,45.9913747,45.4351382,45.596879,90239800
734622,45.6008253,46.5436637,45.5863586,46.041341,251586300
734625,45.9900574,46.0860513,45.4325079,45.535075,110678400
734626,45.7599361,46.0097842,45.4482879,45.787553,78337000
734627,45.7954396,46.2648889,45.6139754,45.967704,97312600
734628,45.8138502,46.1491721,45.504832,45.596879,83992300
734629,45.9834848,46.0242483,45.5258724,45.585046,70033600
734632,45.7428432,45.9190509,45.5679489,45.708653,51186800
734633,45.8782835,45.9834841,45.5850454,45.951924,70522900
734634,45.8953803,46.0242477,45.3983176,45.659999,84000000
734635,45.5140354,45.6455327,45.0077694,45.573209,80500000
734636,45.4535484,45.5311322,44.7552946,44.775018,81529000
734639,44.6040705,44.8696987,43.7361858,43.828233,112443800
734640,43.6572851,44.201688,43.4902842,44.201688,113083600
734641,44.2450816,44.8473415,44.183278,44.692174,83694100
734642,44.9827861,45.0261796,44.5343769,44.778965,65292500
734643,44.6514106,44.8341916,44.0544108,44.080711,84492100
734646,43.390347,44.1806479,43.3180233,43.97288,95900000
734647,44.1175277,44.170128,43.570498,43.682272,80481800
734648,43.8453294,44.519913,43.769059,44.285845,73556000
734649,44.1793351,44.3003123,43.9768272,44.051781,55640200
734650,44.0254805,44.3976192,43.9610468,44.368689,50899800
734654,44.8539181,45.738896,44.840768,45.738896,104438600
734655,45.8756533,46.3043391,45.3207338,45.433821,138670700
734656,45.5640053,45.7586231,45.2747104,45.511405,84695800
734657,45.1274328,45.4101543,44.9735786,45.161623,78312500
734660,45.4588085,45.6363294,44.4212895,44.451533,115485300
734661,44.4686296,44.4752028,43.6441385,43.662545,132446300
734662,43.6283581,44.0254802,43.4797639,43.688845,83430900
734663,43.8216591,43.8768859,43.4929139,43.590221,68772200
734664,43.4666142,43.6125784,42.8038639,42.855151,108488800
734667,43.0260986,43.1720593,42.7460071,42.947198,82368300
734668,43.3942908,43.8216599,43.3035571,43.715146,83642300
734669,43.3614165,43.4337402,42.7210232,42.966921,99799000
734670,42.986648,43.2207126,41.8597119,42.75784,127647800
734671,43.2614797,43.2956663,41.9951527,42.1135,153755000
734674,41.7321578,41.776868,40.830083,41.463903,160161400
734675,41.6427408,42.8420005,41.448123,42.77625,123345600
734676,42.7578403,43.2496431,42.3922785,42.422522,97645800
734677,41.9399263,43.6165219,41.8320955,43.556035,139939800
734678,43.5744417,43.8085099,42.7486374,42.914325,109951800
734681,43.0773821,43.9071331,43.0326717,43.662545,84953400
734682,43.8742599,44.2753251,43.8466429,44.085971,73574900
734683,44.1885376,44.2319311,43.6415082,43.925543,88136300
734684,44.0123309,44.2003719,43.7677463,44.139885,80738700
734685,44.1767045,45.1695131,43.9465833,45.137953,108828300
734689,45.1037628,46.0018943,45.0380124,45.949294,88763500
734690,45.8861733,46.563387,45.5916184,46.255682,111156500
734691,46.6383411,47.0762301,46.5502407,46.971033,99915900
734692,46.4634508,47.3392256,46.3135434,47.301092,122408300
734695,46.8579461,47.3089818,46.3950735,46.550241,110668600
734696,46.4884338,47.0341502,45.8427804,46.517364,112902300
734697,47.1196234,47.3392247,46.8632056,47.07886,97909700
734698,47.4720393,47.5509398,46.8579461,47.045987,107633400
734699,47.4930791,47.9967151,47.2300845,47.986195,121116800
734702,48.0532586,49.2656684,48.0335353,49.153898,143163300
734703,49.7061882,49.7916621,49.0907783,49.554964,204786400
734704,52.0889268,52.1086537,50.7581697,50.876517,235335100
734705,50.8830948,51.2920537,50.482026,50.927805,131633600
734706,51.0632448,51.9482262,50.988291,51.718105,129182200
734709,51.3301862,52.5991397,51.2341924,52.401892,147451500
734710,52.5991399,53.1908797,52.5570596,53.047549,119145600
734711,52.6767243,52.9462958,51.5668816,51.624742,164831100
734712,51.4971878,52.2033316,51.0382621,51.523488,148508500
734713,50.9738281,51.9613767,50.4951755,51.34728,158146100
734716,52.3072151,52.533393,51.5958112,52.171771,153209000
734717,52.2901219,52.3229955,51.067192,51.140829,159884900
734718,51.4130298,51.7509782,50.2637369,51.622111,183127000
734719,51.2065792,51.4577406,49.6207139,49.623344,217851900
734720,50.0270427,50.4294248,47.6771767,49.130228,301147700
734723,47.5614561,48.3609639,46.42137,46.446357,285958400
734724,47.510173,49.260409,46.6817386,49.181512,270645900
734725,48.8054259,49.2656683,47.6679697,47.824454,219664200
734726,48.7225823,49.3708692,47.9598949,49.140748,185492300
734727,49.7153914,49.9218461,49.2104422,49.573374,132244000
734730,49.9205292,50.6227298,49.7180215,50.417592,115136000
734731,50.1690604,50.4123318,49.4510833,50.032303,124687500
734732,50.2729444,50.5635525,49.706188,50.027043,110515300
734733,48.7646623,49.0026736,47.5193791,48.134789,212858800
734734,47.6245767,48.2597102,46.8132358,46.817179,193972100
734737,47.9322811,47.9809346,46.6935711,46.871092,133828800
734738,47.3786751,49.132858,46.9447329,49.127598,164208800
734739,49.1105009,49.8324248,48.7331022,49.466863,156566900
734740,48.0072351,49.3708692,47.996715,49.143378,217836500
734741,48.8080563,50.4688752,48.7594026,50.439945,160369300
734744,51.0448347,51.4814071,51.0211646,51.280216,101317300
734745,51.0540416,51.5261173,50.7857833,51.282846,104480600
734746,51.3591164,51.5576775,50.2137703,50.604319,130646600
734747,50.7345003,50.9343781,50.0638635,50.104627,85931300
734748,49.2775058,49.7061881,48.8948472,49.186772,109734800
734752,48.3083672,50.0125797,48.1913332,49.934996,127424500
734753,50.7003137,50.7055702,50.232181,50.485969,87644200
734754,50.284778,51.101379,50.2729447,50.513586,104039600
734755,50.4859683,50.7581697,49.3143254,49.637807,141203300
734758,49.0486971,50.0849029,48.9040497,49.961292,116958100
734759,50.2505869,50.7857832,50.002059,50.576702,110140100
734760,50.892297,51.5747706,50.7266095,51.192112,133681100
734761,51.4722039,51.7654456,51.2710129,51.673395,104454700
734762,52.0126607,52.664891,51.9455971,52.664891,174628300
734765,52.2046483,54.3388563,51.9679502,54.128462,205965200
734766,54.604484,55.6051827,54.0706011,54.367786,193938500
734767,55.1817569,55.4381782,54.1771149,54.195525,151494000
734768,52.734584,53.8904503,52.1651977,52.838468,242120200
734769,52.6359606,53.485435,52.5794169,53.16458,136569300
734772,52.5807299,53.1225029,51.4551107,53.015989,203219100
734773,53.7471163,53.8154968,52.3440354,52.501833,158124400
734774,52.6241231,53.0909425,52.140214,52.205961,107409400
734775,52.851615,52.889752,50.7857839,51.359117,162771700
734776,50.9054474,51.1381987,50.1243499,50.14276,136910200
734779,50.0178356,50.3163373,49.0710541,49.259095,167274800
734780,49.2551489,50.2058809,46.5817979,48.982951,308419300
734781,48.3728004,49.9455121,47.378675,49.739061,196617400
734782,49.0920945,50.5977426,48.8909,49.623344,203145600
734783,49.4142627,49.6719973,48.4556441,48.627905,133864500
734786,49.8495222,51.127679,49.7338014,51.127679,110628700
734787,51.622112,53.0173028,51.4814079,52.637274,151421900
734788,53.5643357,53.8154971,52.6175505,52.887122,155571500
734789,53.2540003,53.707666,52.9739088,53.707666,106546300
734790,54.8122484,55.492092,54.6071141,55.492092,143341800
734793,55.4579052,56.1101319,54.6952143,55.227784,171511200
734794,55.4605326,55.8616014,54.7017919,55.523653,220400600
734795,52.7766606,53.7063524,52.3098448,52.417672,276014900
734796,52.5991402,52.6451638,51.8377696,51.982417,137317600
734797,52.3492956,52.486053,51.3827871,51.661562,155311100
734800,52.0968171,53.4538778,51.99425,53.357884,125534500
734801,53.2605736,53.4604514,52.2546149,52.305902,107606800
734802,52.8305785,52.9344589,51.6983824,52.678041,114076200
734803,53.5932657,53.78262,52.8476716,53.215867,123666200
734804,52.9936361,53.4341518,52.929199,53.250054,80710700
734807,52.9173649,53.8260165,52.7372141,53.2277,96375300
734808,52.2585613,52.5333927,51.7075849,52.140214,132947500
734809,52.6109773,52.6570008,51.9561169,52.258562,81837700
734810,52.476846,53.0462325,51.9889902,53.002839,110346600
734811,52.8660813,53.0514922,52.4886826,52.6307,75557300
734814,52.5873071,52.5991405,52.0902445,52.563637,67568900
734815,52.8897516,53.6511222,52.8042777,53.418371,100110500
734816,52.2007012,52.716174,51.8403994,51.97847,139671000
734817,52.2085913,52.2322615,50.2519042,50.655603,186188100
734818,50.8383835,51.1132151,50.0033723,50.576702,163446500
734821,50.4320547,50.6595458,49.7324877,49.871875,108226300
734822,50.0743835,51.2184128,49.896859,51.130309,107702700
734823,51.1855388,51.4340702,50.5372554,50.596429,87302600
734824,50.4925453,50.5714423,49.3774426,49.628604,119975100
734825,49.8271653,49.9678695,49.295916,49.303806,92984500
734828,48.7068054,48.8751195,48.1163788,48.524021,111995100
734829,48.788333,49.6969847,48.777813,49.510257,102255300
734830,49.2472589,49.4221533,48.2439337,48.258397,107067800
734832,48.4464373,48.8054259,47.7758005,47.808674,63690200
734835,48.9632236,49.53787,48.6975989,49.458973,86603300
734836,49.4221532,49.8153321,48.6805059,49.074998,93963800
734837,50.1388166,50.2689971,49.7456378,50.258477,101484600
734838,50.3031882,51.1526661,50.0678069,51.011962,96795300
734839,51.2618063,51.761499,51.0974355,51.244713,94763900
734842,51.7430889,52.1270643,51.3354467,51.679972,89302500
734843,51.6142218,51.8929966,51.2026329,51.409084,70899500
734844,51.2749563,51.4077703,50.8581073,51.164499,76186600
734845,51.474834,52.0074001,51.3144065,51.37095,94089100
734846,51.6589321,51.8154129,51.4196041,51.760186,74248300
734849,51.5050779,51.7970028,51.2118397,51.526118,75266800
734850,51.6786553,51.9942504,50.9028178,51.127679,84732200
734851,50.8502203,50.9396374,49.6641072,49.994169,101721900
734852,50.4070715,50.4609851,49.7469512,49.829795,64050000
734853,50.016523,50.5148989,49.912639,50.10331,105369600
734856,50.2939842,50.6069492,50.0323027,50.259794,58882600
734857,50.9896083,52.0862974,50.9238578,52.066574,84303800
734858,52.1638807,52.2440945,51.5484708,52.132324,65737000
734859,52.204648,52.484736,52.0862972,52.408469,50589700
734860,52.5583763,53.0712192,52.5320762,53.037029,67349800
734864,53.0067818,53.7944562,52.9962653,53.457821,66269000
734865,53.5051614,53.683999,52.7753474,52.946295,57165500
734866,53.046232,53.3421036,52.6662033,53.27241,53994500
734867,53.060699,53.4249475,53.0580689,53.25663,44915500
